147327
1777497
3019856
1007699
652234
1100091
1821815
991014
869222
1481140
193436
2187624
2534559
967558
1313971
1632945
1466471
811127
2291894
93842
770744
787957
718156
1001682
1368107
1653519
1538482
352863
975342
2600169
638493
1476606
1142960
283965
588523
1754868
373781
83975
1583228
2988681
954692
178966
999064
2719327
221777
1219094
272317
1155253
665240
1221423
1351114
888383
72585
1603080
790048
767774
178353
2040486
1245830
679943
3121101
1256483
1448070
2507884
161037
1505448
1988753
3020125
680875
701033
778603
1360931
2221627
40017
816600
124993
1083053
1034570
1990449
1659962
2437708
3791771
2474770
2847746
3641172
834587
1740092
3089024
966920
205282
705091
511246
172662
96391
2145491
646390
24428
2850905
1950368
970331
1194389
1220396
4011061
1440743
1358299
974142
1158325
1020251
126645
2444148
1754329
1969637
114635
1524104
1607736
816600
164020
1115737
2449781
2201460
104229
2596015
1988753
814293
2090844
1385398
1619555
1059388
1570203
1071416
725718
1805627
1083054
128718
714001
1764213
1262832
1627148
1826438
547566
905800
1655981
397535
1657639
942136
2113992
2456481
1826150
552068
58243
306018
3417994
2998515
3853301
1074894
2730029
3941000
2536882
39549
40202
3985812
3158362
3021082
2626412
1570419
4177278
3239350
2731307
4133512
3822820
4160531
3880591
3244371
2803777
1404903
2729964
2831915
4510857
3964749
942356
2205221
3970442
3384747
3798378
1601387
3607095
1489207
804164
2659911
676172
1749322
1556336
2069841
2237466
1351114
1059894
2129143
776951
1690353
519080
679779
2404778
486513
1965348
1872396
786680
1816243
746738
1809845
2601415
2684859
2300083
1352717
3607095
3278348
3289426
2222880
2496646
1172819
4182518
4044493
2529041
3197242
539090
1247976
924759
2200811
2106248
929999
1530057